0708806187
070-420 99 01
+46730521132
070-972 32 32
46709480296
073-0313337
070-49 65 808
0706 87 19 32
0705 - 607235
031151711
0000000000
0046703318174
0720492403 / 040-228566
+41791099035
0032473372281
0762300350, 0709621980
+4670-736 42 98
+46-76-794 86 99
0737-022476
076 791 92 24
+46 739 960725
5551234567
+46 706192202
+4670 647 24 61
+46 706192202
jensaue@hotmail.com
7713584113
2154875421
+4746630117
+46 768723198
2342343244
5553454444
234534534535
345333455
535345345
3243242424
2342342424
4526227403
6035010806
5421548733
215487542154
112112112
98734743723
660822188449
7667677788
703224878
351916495332
919019872181
katt123
37057757529
+14155428249
kanokphan.nilsson22@gmail.com
+32485388156
121313323432
639178169813
95521779854
44444444
333333333
200000000
99876666
91191074
95410926
777333333
1676150797
2356547658
3226752802
66623344545
602606206226
7777777777
700000000
602606206226
3847370500
8701619707
65589192195
95721544569
71762336654
+3547812381
2404764671
17508905900
68876287532
071